3014706 76 5046345 3342413 6029362 5 32763 
7167056 7166064 0 0 0 0 0 
-739489442 6419056 -706084151 32763 0 3 0 
1 6418856 0 0 0 0 0 
8 9 -746130112 32763 0 7 0 
7166064 0 -739489442 32763 0 1 0 
0 7195584 -706126481 32763 0 0 0 
1572864 -706126481 0 0 0 0 32763 
1525416193 0 0 0 0 6 0 
7168944 1132752 -706126481 32763 0 0 32763 
17 0 -706132224 32763 1 0 0 
15 0 1047264 0 0 0 0 
7166784 1441792 7168928 0 0 1 32763 
7144224 17 -743831808 32763 1 0 0 
0 0 867762 32763 0 0 0 
-1254774070 302055443 17 0 0 0 32763 
7144224 50331651 620757284 32763 0 6 0 
2147353477 285212689 285212689 32763 0 0 0 
393216 7168928 50331651 0 0 0 0 
0 -706126943 0 0 0 2 32763 
0 -705882881 7143424 0 0 1 32763 
7143424 7143424 -706126943 32763 0 3 0 
0 -706126943 7143424 0 0 0 32763 
1525478976 7143424 7143424 0 0 0 0 
393216 2147353477 4215933 0 0 4 0 
2147353477 4212567 64 0 0 0 0 
0 -706176905 7143424 0 0 0 32763 
1 -706176474 2147353477 0 0 0 32763 
0 -706132047 -706176621 32763 0 1 32763 
7169025 6419936 -705862275 32763 0 2 0 
64 4212416 1 0 0 0 0 
4259920 4194304 -706176257 32763 0 0 0 
