3014706 76 5046345 3342413 6029362 5 32763 
744528 743536 0 0 0 0 0 
-739489442 6419056 -706084151 32763 0 3 0 
1 6418856 0 0 0 0 0 
8 9 -746130112 32763 0 7 0 
743536 0 -739489442 32763 0 1 0 
0 773056 -706126481 32763 0 0 0 
13565952 -706126481 8 0 0 0 32764 
415564033 0 0 0 0 6 0 
746416 1132752 -706126481 32763 0 0 32763 
17 0 -706132224 32763 1 0 0 
15 0 12 0 0 0 1 
744256 1441792 746400 0 0 1 32763 
721696 17 -743831808 32763 1 0 0 
0 0 867762 32763 0 0 0 
-1931967882 302055443 17 0 0 0 32763 
721696 50331651 620757284 32763 0 6 0 
2147353477 285212689 285212689 32763 0 0 0 
393216 746400 50331651 0 0 0 0 
0 -706126943 0 0 0 2 32763 
0 -705882881 720896 0 0 1 32763 
720896 720896 -706126943 32763 0 3 0 
0 -706126943 720896 0 0 0 32763 
415581519 720896 720896 0 0 0 0 
393216 2147353477 4215981 0 0 4 0 
2147353477 4212615 64 0 0 0 0 
0 -706176905 720896 0 0 0 32763 
1 -706176474 2147353477 0 0 0 32763 
0 -706132047 -706176621 32763 0 1 32763 
746497 6419936 -705862275 32763 0 2 0 
64 4212464 1 0 0 0 0 
4259920 4194304 -706176257 32763 0 0 0 
