0 5046345 0 0 7536732 5 3342413 
0 0 0 0 4980804 0 0 
0 -706084151 0 0 0 3 32763 
0 0 0 0 32763 0 0 
0 -746130112 0 0 32763 7 32763 
0 -739489442 0 0 1 1 32763 
0 -706126481 6 0 0 0 1 
0 0 0 0 0 0 0 
0 0 0 0 0 6 0 
0 -706126481 0 0 0 0 32763 
0 -706132224 10 0 0 0 1 
0 1047264 12 0 0 0 1 
0 7562144 25 0 1 1 1 
0 -743831808 14 0 0 0 1 
0 867762 14 0 0 0 1 
0 17 16 0 1 0 1 
0 620757284 0 0 35532 6 32763 
0 285212689 0 0 0 0 32763 
0 50331651 20 0 0 0 1 
0 0 0 0 0 2 0 
0 7536640 25 0 0 1 1 
0 -706126943 0 0 0 3 32763 
0 7536640 0 0 0 0 0 
0 7536640 0 0 0 0 0 
0 4216589 0 0 10890 4 0 
0 64 0 0 0 0 0 
0 7536640 0 0 0 0 0 
0 2147353477 0 0 0 0 0 
0 -706176621 0 0 0 1 32763 
0 -705862275 0 0 0 2 32763 
0 1 0 0 0 0 0 
0 -706176257 0 0 0 0 32763 
