0 32763 0 0 0 5 6419056 
0 1 0 0 7307280 0 32763 
0 32763 0 0 0 3 8 
0 -739489442 4 0 9 0 1 
0 0 0 0 0 7 -706126481 
0 0 0 0 0 1 0 
0 32763 0 0 0 0 0 
0 0 0 0 0 0 0 
0 0 0 0 0 6 1132752 
0 17 0 0 17 0 0 
0 0 10 0 0 0 1 
0 7309136 12 0 0 0 1 
0 1 0 0 0 1 -743831808 
0 7288288 0 0 7275296 0 0 
0 0 0 0 32763 0 7275296 
0 302055443 0 0 17 0 32763 
0 0 0 0 0 6 33554434 
0 2147353477 0 0 6419936 0 0 
0 0 20 0 0 0 1 
0 0 0 0 7309136 2 0 
0 0 0 0 0 1 7274496 
0 0 0 0 0 3 0 
0 0 0 0 32763 0 0 
0 -706126943 0 0 7274496 0 32763 
0 17629 0 0 0 4 7274496 
0 393216 26 0 2147353476 0 1 
0 0 0 0 0 0 2147353477 
0 7274496 0 0 4213783 0 0 
0 0 0 0 0 1 2147353477 
0 7309152 0 0 1 2 0 
0 32763 0 0 32763 0 7309728 
0 6419936 0 0 -705862275 0 0 
