3014706 76 5046345 3342413 6029362 5 32763 
7101520 7100528 0 0 0 0 0 
-739489442 6419056 -706084151 32763 0 3 0 
1 6418856 0 0 0 0 0 
8 9 -746130112 32763 0 7 0 
7100528 0 -739489442 32763 0 1 0 
0 7130048 -706126481 32763 0 0 0 
1572864 -706126481 0 0 0 0 32763 
1329004801 0 0 0 0 6 0 
7103408 1132752 -706126481 32763 0 0 32763 
17 0 -706132224 32763 1 0 0 
15 0 1047264 0 0 0 0 
7101248 1441792 7103392 0 0 1 32763 
7078688 17 -743831808 32763 1 0 0 
0 0 867762 32763 0 0 0 
-821582835 302055443 17 0 0 0 32763 
7078688 50331651 620757284 32763 0 6 0 
2147353477 285212689 285212689 32763 0 0 0 
393216 7103392 50331651 0 0 0 0 
0 -706126943 0 0 0 2 32763 
0 -705882881 7077888 0 0 1 32763 
7077888 7077888 -706126943 32763 0 3 0 
0 -706126943 7077888 0 0 0 32763 
1329065140 7077888 7077888 0 0 0 0 
393216 2147353477 4215981 0 0 4 0 
2147353477 4212615 64 0 0 0 0 
0 -706176905 7077888 0 0 0 32763 
1 -706176474 2147353477 0 0 0 32763 
0 -706132047 -706176621 32763 0 1 32763 
7103489 6419936 -705862275 32763 0 2 0 
64 4212464 1 0 0 0 0 
4259920 4194304 -706176257 32763 0 0 0 
