3014706 76 5046345 3342413 6029362 5 
8084032 8083040 0 0 0 0 
673794398 6419056 678822601 32763 0 3 
1 6418856 0 0 0 0 
8 9 638842176 32763 0 7 
8083040 0 673794398 32763 0 1 
0 8099392 678780271 32763 0 0 
1638400 678780271 0 0 0 0 
1844642049 0 0 1 0 6 
8085904 1132752 10 32763 0 0 
17 0 10 32763 1 0 
15 0 1047264 0 0 0 
8083760 1441792 8085888 0 0 1 
8061728 17 640091904 32763 1 0 
3 0 212402 32763 0 0 
-774256145 302055443 17 0 0 0 
8061728 33554434 1459617879 32763 0 6 
2147353477 285212689 285212689 32763 0 0 
393216 8085888 20 0 0 0 
0 678779809 0 0 0 2 
0 679023871 8060928 0 0 1 
8060928 8060928 678779809 32763 0 3 
0 678779809 8060928 0 0 0 
1844705850 8060928 8060928 0 0 0 
393216 2147353477 4214797 0 0 4 
2147353477 4211431 64 0 0 0 
0 678729847 8060928 0 0 0 
1 678730278 28 0 0 0 
0 678774705 0 32763 0 1 
8086017 6419936 679044477 32763 0 2 
64 4211280 35 0 0 0 
4259920 4194304 678730495 32763 0 0 
