3014706 76 5046345 3342413 6029362 5 32763 
8149568 8148576 0 0 0 0 0 
673794398 6419056 678822601 32763 0 3 0 
1 6418856 0 0 0 0 0 
8 9 638842176 32763 0 7 0 
8148576 0 673794398 32763 0 1 0 
0 8165024 678780271 32763 0 0 0 
1572864 678780271 0 0 0 0 32763 
1899036929 0 0 0 0 6 0 
8151440 1132752 678780271 32763 0 0 32763 
17 0 678774528 32763 1 0 0 
15 0 1047264 0 0 0 0 
8149296 1441792 8151424 0 0 1 32763 
8127264 17 640091904 32763 1 0 0 
3 0 212402 32763 0 0 0 
-1431973503 302055443 17 0 0 0 32763 
8127264 33554434 1459617879 32763 0 6 0 
2147353477 285212689 285212689 32763 0 0 0 
393216 8151424 33554434 0 0 0 0 
0 678779809 0 0 0 2 32763 
0 679023871 8126464 0 0 1 32763 
8126464 8126464 678779809 32763 0 3 0 
0 678779809 8126464 0 0 0 32763 
1899060976 8126464 8126464 0 0 0 0 
393216 2147353477 4216157 0 0 4 0 
2147353477 4212791 64 0 0 0 0 
0 678729847 8126464 0 0 0 32763 
1 678730278 2147353477 0 0 0 32763 
0 678774705 678730131 32763 0 1 32763 
8151553 6419936 679044477 32763 0 2 0 
64 4212640 1 0 0 0 0 
4259920 4194304 678730495 32763 0 0 0 
