3014706 76 5046345 3342413 6029362 5 32763 
7232064 7231072 0 0 0 0 0 
673794398 6419056 678822601 32763 0 3 0 
1 6418856 0 0 0 0 0 
8 9 638842176 32763 0 7 0 
7231072 0 673794398 32763 0 1 0 
0 7247520 678780271 32763 0 0 0 
1572864 678780271 0 0 0 0 32763 
487784705 0 0 0 0 6 0 
7233936 1132752 678780271 32763 0 0 32763 
17 0 678774528 32763 1 0 0 
15 0 1047264 0 0 0 0 
7231792 1441792 7233920 0 0 1 32763 
7209760 17 640091904 32763 1 0 0 
3 0 212402 32763 0 0 0 
864919950 302055443 17 0 0 0 32763 
7209760 33554434 1459617879 32763 0 6 0 
2147353477 285212689 285212689 32763 0 0 0 
393216 7233920 33554434 0 0 0 0 
0 678779809 0 0 0 2 32763 
0 679023871 7208960 0 0 1 32763 
7208960 7208960 678779809 32763 0 3 0 
0 678779809 7208960 0 0 0 32763 
487818340 7208960 7208960 0 0 0 0 
393216 2147353477 4216157 0 0 4 0 
2147353477 4212791 64 0 0 0 0 
0 678729847 7208960 0 0 0 32763 
1 678730278 2147353477 0 0 0 32763 
0 678774705 678730131 32763 0 1 32763 
7234049 6419936 679044477 32763 0 2 0 
64 4212640 1 0 0 0 0 
4259920 4194304 678730495 32763 0 0 0 
