0 0 0 0 0 5 0 
0 7536761 0 0 5701724 0 6619252 
0 76 0 0 6029362 3 32763 
0 7100000 0 0 0 0 0 
0 6419056 0 0 0 7 0 
0 6418856 0 0 0 1 0 
0 9 0 0 0 0 0 
0 0 0 0 0 0 0 
0 7116304 0 0 0 6 0 
0 678780271 0 0 0 0 32763 
0 0 0 0 0 0 0 
0 1132752 0 0 0 0 32763 
0 0 0 0 1 1 0 
0 0 0 0 0 0 0 
0 1441792 0 0 0 0 32763 
0 17 0 0 1 0 0 
0 0 0 0 0 6 0 
0 302055443 0 0 0 0 32763 
0 33554434 0 0 0 0 0 
0 285212689 0 0 0 2 0 
0 7102848 0 0 0 1 0 
0 678779809 0 0 0 3 32763 
0 679023871 0 0 0 0 32763 
0 7077888 0 0 0 0 0 
0 678779809 0 0 0 4 32763 
0 7077888 0 0 0 0 0 
0 2147353477 0 0 0 0 0 
0 4213559 0 0 0 0 0 
0 678729847 0 0 0 1 32763 
0 678730278 0 0 0 2 32763 
0 678774705 0 0 0 0 32763 
0 6419936 0 0 0 0 0 
