0 0 0 0 32763 5 -746130112 
0 0 0 0 8 0 0 
0 0 0 0 32763 3 8361952 
0 8375216 0 0 -706126481 0 0 
0 0 0 0 0 7 -706126481 
0 -637075199 0 0 0 1 0 
0 32763 0 0 0 0 8348592 
0 -706132224 0 0 1132752 0 32763 
0 0 0 0 0 6 1047264 
0 15 0 0 15 0 0 
0 32763 10 0 0 0 1 
0 17 12 0 -743831808 0 1 
0 1 25 0 0 1 1 
0 -1757399248 14 0 8323872 0 1 
0 32763 14 0 32763 0 1 
0 285212689 16 0 50331651 0 1 
0 0 0 0 0 6 50331651 
0 8348592 18 0 393216 0 1 
0 32763 20 0 0 0 1 
0 -705882881 0 0 8323072 2 32763 
0 0 0 0 0 1 8323072 
0 0 0 0 0 3 0 
0 0 0 0 32763 0 -637057080 
0 4216717 0 0 8323072 0 0 
0 0 0 0 0 4 64 
0 393216 0 0 2147353477 0 0 
0 32763 0 0 0 0 0 
0 -706176474 0 0 2147353477 0 32763 
0 0 0 0 0 1 -706132047 
0 8348673 0 0 8349168 2 0 
0 0 0 0 0 0 64 
0 -706176257 0 0 4213200 0 32763 
