3014706 76 5046345 3342413 6029362 5 
7821888 7820896 0 0 0 0 
673794398 6419056 678822601 32763 0 3 
1 6418856 0 0 0 0 
8 9 638842176 32763 0 7 
7820896 0 673794398 32763 0 1 
0 7837344 678780271 32763 0 0 
1572864 678780271 0 0 0 0 
1003028737 0 0 0 0 6 
7823760 1132752 678780271 32763 0 0 
17 0 678774528 32763 1 0 
15 0 1047264 0 0 0 
7821616 1441792 7823744 0 0 1 
7799584 17 640091904 32763 1 0 
3 0 212402 32763 0 0 
305626548 302055443 17 0 0 0 
7799584 33554434 1459617879 32763 0 6 
2147353477 285212689 285212689 32763 0 0 
393216 7823744 33554434 0 0 0 
0 678779809 0 0 0 2 
0 679023871 7798784 0 0 1 
7798784 7798784 678779809 32763 0 3 
0 678779809 7798784 0 0 0 
1003049565 7798784 7798784 0 0 0 
393216 2147353477 4214797 0 0 4 
2147353477 4211431 64 0 0 0 
0 678729847 7798784 0 0 0 
1 678730278 2147353477 0 0 0 
0 678774705 678730131 32763 0 1 
7823873 6419936 679044477 32763 0 2 
64 4211280 1 0 0 0 
4259920 4194304 678730495 32763 0 0 
