0 76 0 0 6029362 5 32763 
0 8410720 0 0 0 0 0 
0 6419056 0 0 0 3 0 
0 6418856 0 0 0 0 0 
0 9 0 0 0 7 0 
0 0 0 0 0 1 0 
0 8427168 0 0 0 0 0 
0 678780271 0 0 0 0 32763 
0 0 0 0 0 6 0 
0 1132752 0 0 0 0 32763 
0 0 0 0 1 0 0 
0 0 0 0 0 0 0 
0 1441792 0 0 0 1 32763 
0 17 0 0 1 0 0 
0 0 0 0 0 0 0 
0 302055443 0 0 0 0 32763 
0 33554434 0 0 0 6 0 
0 285212689 0 0 0 0 0 
0 8413568 0 0 0 0 0 
0 678779809 0 0 0 2 32763 
0 679023871 0 0 0 1 32763 
0 8388608 0 0 0 3 0 
0 678779809 0 0 0 0 32763 
0 8388608 0 0 0 0 0 
0 2147353477 0 0 0 4 0 
0 4212983 0 0 0 0 0 
0 678729847 0 0 0 0 32763 
0 678730278 0 0 0 0 32763 
0 678774705 0 0 0 1 32763 
0 6419936 0 0 0 2 0 
0 4212832 0 0 0 0 0 
0 4194304 0 0 0 0 0 
