0 32763 0 0 0 5 6419056 
0 1 0 0 7167056 0 32763 
0 32763 0 0 0 3 8 
0 -739489442 0 0 9 0 32763 
0 0 0 0 0 7 -706126481 
0 0 0 0 0 1 0 
0 32763 0 0 0 0 0 
0 0 8 0 0 0 1 
0 0 0 0 0 6 1132752 
0 17 10 0 17 0 1 
0 0 10 0 0 0 1 
0 7168928 0 0 0 0 0 
0 1 0 0 0 1 -743831808 
0 7157216 14 0 7144224 0 1 
0 0 14 0 32763 0 1 
0 302055443 16 0 17 0 1 
0 0 0 0 0 6 50331651 
0 2147353477 18 0 6419936 0 1 
0 0 0 0 0 0 393216 
0 0 0 0 7168928 2 0 
0 0 0 0 0 1 7143424 
0 0 0 0 0 3 0 
0 0 0 0 32763 0 0 
0 -706126943 0 0 7143424 0 32763 
0 30448 0 0 0 4 7143424 
0 393216 0 0 2147353476 0 0 
0 0 0 0 0 0 2147353477 
0 7143424 0 0 4213783 0 0 
0 0 0 0 0 1 2147353477 
0 7168944 0 0 1 2 0 
0 32763 0 0 32763 0 7169520 
0 6419936 0 0 -705862275 0 0 
