0 7209065 0 0 0 5 7274596 
0 5046345 0 0 7536732 0 3342413 
0 0 0 0 4980804 3 0 
0 678822601 0 0 0 0 32763 
0 0 0 0 32763 7 0 
0 638842176 0 0 32763 1 32763 
0 673794398 0 0 1 0 32763 
0 678780271 0 0 0 0 32763 
0 0 0 0 0 6 0 
0 0 10 0 0 0 1 
0 678780271 0 0 0 0 32763 
0 678774528 0 0 0 0 32763 
0 1047264 0 0 0 1 0 
0 483712 0 0 1 0 0 
0 640091904 0 0 0 0 32763 
0 212402 0 0 0 0 32763 
0 17 0 0 1 6 0 
0 1543503964 0 0 13453 0 32763 
0 285212689 0 0 0 0 32763 
0 33554434 0 0 0 2 0 
0 0 0 0 0 1 0 
0 458752 0 0 0 3 0 
0 678779809 0 0 0 0 32763 
0 458752 0 0 0 0 0 
0 458752 0 0 0 4 0 
0 4216813 0 0 63257 0 0 
0 64 0 0 0 0 0 
0 458752 0 0 0 0 0 
0 2147353477 0 0 0 1 0 
0 678730131 0 0 0 2 32763 
0 679044477 0 0 0 0 32763 
0 1 0 0 0 0 0 
