0 32763 0 0 0 5 6419056 
0 1 0 0 7494736 0 32763 
0 32763 0 0 0 3 8 
0 -739489442 0 0 9 0 32763 
0 0 0 0 0 7 -706126481 
0 0 0 0 0 1 0 
0 32763 0 0 0 0 0 
0 0 8 0 0 0 1 
0 0 0 0 0 6 1132752 
0 17 10 0 17 0 1 
0 0 0 0 0 0 15 
0 7496608 0 0 0 0 0 
0 1 0 0 0 1 -743831808 
0 7484896 0 0 7471904 0 0 
0 0 14 0 32763 0 1 
0 302055443 0 0 17 0 32763 
0 0 0 0 0 6 50331651 
0 2147353477 0 0 6419936 0 0 
0 0 0 0 0 0 393216 
0 0 0 0 7496608 2 0 
0 0 0 0 0 1 7471104 
0 0 0 0 0 3 0 
0 0 0 0 32763 0 0 
0 -706126943 24 0 7471104 0 1 
0 19102 0 0 0 4 7471104 
0 393216 0 0 2147353476 0 0 
0 0 0 0 0 0 2147353477 
0 7471104 0 0 4213767 0 0 
0 0 0 0 0 1 2147353477 
0 7496624 0 0 1 2 0 
0 32763 0 0 32763 0 7497200 
0 6419936 0 0 -705862275 0 0 
