0 32763 0 0 0 5 6419056 
0 1 0 0 744528 0 32763 
0 32763 0 0 0 3 8 
0 -739489442 0 0 9 0 32763 
0 0 0 0 0 7 -706126481 
0 0 0 0 0 1 0 
0 32763 0 0 0 0 0 
0 0 0 0 0 0 0 
0 0 0 0 0 6 1132752 
0 17 0 0 17 0 0 
0 0 0 0 0 0 15 
0 746400 0 0 0 0 0 
0 1 0 0 0 1 -743831808 
0 734688 0 0 721696 0 0 
0 0 0 0 32763 0 721696 
0 302055443 0 0 17 0 32763 
0 0 0 0 0 6 50331651 
0 2147353477 0 0 6419936 0 0 
0 0 0 0 0 0 393216 
0 0 0 0 746400 2 0 
0 0 0 0 0 1 720896 
0 0 0 0 0 3 0 
0 0 0 0 32763 0 0 
0 -706126943 0 0 720896 0 32763 
0 28341 0 0 0 4 720896 
0 393216 0 0 2147353476 0 0 
0 0 0 0 0 0 2147353477 
0 720896 0 0 4213783 0 0 
0 0 0 0 0 1 2147353477 
0 746416 0 0 1 2 0 
0 32763 0 0 32763 0 746992 
0 6419936 0 0 -705862275 0 0 
