0 32763 0 0 0 5 6419056 
0 1 0 0 8215632 0 32763 
0 32763 0 0 0 3 8 
0 -739489442 0 0 9 0 32763 
0 0 0 0 0 7 -706126481 
0 0 0 0 0 1 0 
0 32763 0 0 0 0 0 
0 0 0 0 0 0 0 
0 0 0 0 0 6 1132752 
0 17 0 0 17 0 0 
0 0 0 0 0 0 15 
0 8217504 0 0 0 0 0 
0 1 0 0 0 1 -743831808 
0 8205792 0 0 8192800 0 0 
0 0 14 0 32763 0 1 
0 302055443 0 0 17 0 32763 
0 0 0 0 0 6 50331651 
0 2147353477 0 0 6419936 0 0 
0 0 20 0 0 0 1 
0 0 0 0 8217504 2 0 
0 0 0 0 0 1 8192000 
0 0 0 0 0 3 0 
0 0 0 0 32763 0 0 
0 -706126943 0 0 8192000 0 32763 
0 56154 0 0 0 4 8192000 
0 393216 0 0 2147353476 0 0 
0 0 0 0 0 0 2147353477 
0 8192000 0 0 4213767 0 0 
0 0 0 0 0 1 2147353477 
0 8217520 0 0 1 2 0 
0 32763 0 0 32763 0 8218096 
0 6419936 0 0 -705862275 0 0 
