3014706 76 5046345 3342413 6029362 5 
8346176 8345184 0 0 0 0 
673794398 6419056 678822601 32763 0 3 
1 6418856 0 0 0 0 
8 9 638842176 32763 0 7 
8345184 0 673794398 32763 0 1 
0 8361488 6 32763 0 0 
1835008 678780271 0 0 0 0 
-1507655423 0 0 0 0 6 
8348048 1132752 10 32763 0 0 
17 0 678774528 32763 1 0 
15 0 1047264 0 0 0 
8345904 1441792 8348032 0 0 1 
8323872 17 640091904 32763 1 0 
3 0 212402 32763 0 0 
-1128955409 302055443 16 0 0 0 
8323872 33554434 1476395096 32763 0 6 
2147353477 285212689 18 32763 0 0 
393216 8348032 33554434 0 0 0 
0 678779809 0 0 0 2 
0 679023871 8323072 0 0 1 
8323072 8323072 678779809 32763 0 3 
0 678779809 22 0 0 0 
-1507591266 8323072 24 0 0 0 
393216 2147353477 4214765 0 0 4 
2147353477 4211399 64 0 0 0 
0 678729847 8323072 0 0 0 
1 678730278 2147353477 0 0 0 
0 678774705 678730131 32763 0 1 
8348161 6419936 679044477 32763 0 2 
64 4211248 35 0 0 0 
4255824 4194304 678730495 32763 0 0 
