0 32763 0 0 0 5 6419056 
0 1 0 0 1006672 0 32763 
0 32763 0 0 0 3 8 
0 -739489442 0 0 9 0 32763 
0 0 0 0 0 7 -706126481 
0 0 0 0 0 1 0 
0 32763 6 0 0 0 1 
0 0 8 0 0 0 1 
0 0 0 0 0 6 1132752 
0 17 0 0 17 0 0 
0 0 0 0 0 0 15 
0 1008544 0 0 0 0 0 
0 1 0 0 0 1 -743831808 
0 996832 0 0 983840 0 0 
0 0 14 0 32763 0 1 
0 302055443 0 0 17 0 32763 
0 0 0 0 0 6 50331651 
0 2147353477 0 0 6419936 0 0 
0 0 0 0 0 0 393216 
0 0 0 0 1008544 2 0 
0 0 0 0 0 1 983040 
0 0 0 0 0 3 0 
0 0 0 0 32763 0 0 
0 -706126943 0 0 983040 0 32763 
0 59941 0 0 0 4 983040 
0 393216 0 0 2147353476 0 0 
0 0 0 0 0 0 2147353477 
0 983040 0 0 4213735 0 0 
0 0 0 0 0 1 2147353477 
0 1008560 0 0 1 2 0 
0 32763 0 0 32763 0 1009136 
0 6419936 0 0 -705862275 0 0 
